Areal values from HadUK-Grid 1km gridded climate data from land surface network
Source: Met Office National Climate Information Centre
Monthly, seasonal and annual total precipitation amount for UK
Areal series, starting in 1836
Last updated 01-Sep-2024 11:40
year    jan    feb    mar    apr    may    jun    jul    aug    sep    oct    nov    dec     win     spr     sum     aut     ann
1836  101.5   69.8  122.2   75.1   13.8   76.5  109.2   63.1  113.2  120.8  150.0  108.6     ---   211.1   248.8   384.1  1123.8
1837   79.5  104.7   36.2   54.1   39.9   57.9   87.5   90.7   67.5   97.0   97.8   96.0   292.8   130.2   236.1   262.3   908.9
1838   35.4   55.5   69.4   57.1   61.8  117.8   84.2   92.8   74.9   93.7  120.5   74.3   186.9   188.3   294.9   289.1   937.4
1839   75.7   67.2   83.1   38.4   35.5   93.7  118.5   84.3  145.1  102.1  116.0  103.9   217.2   157.0   296.5   363.2  1063.6
1840  124.6   67.9   14.2   23.2   83.6   68.6   90.3   78.0  106.1   65.9  126.3   41.0   296.5   121.0   237.0   298.3   889.8
1841   80.0   58.6   74.3   56.6   70.4   70.1   91.3  118.0  118.6  151.4  108.5  123.7   179.6   201.2   279.4   378.5  1121.4
1842   77.9   68.4  110.9   11.2   65.8   63.1   77.9   64.3   90.0   63.9  138.3   91.5   270.0   188.0   205.4   292.3   923.5
1843  104.4   57.4   42.4   96.9   99.1   68.2   92.0   96.5   27.4  163.2  115.7   41.0   253.3   238.4   256.7   306.4  1004.3
1844   82.3   94.9   90.2   30.6   11.6   66.7   74.0   85.0   65.1   91.8  112.1   26.1   218.2   132.4   225.7   269.0   830.4
1845   90.9   47.6   63.8   52.4   53.3   82.2   84.5  108.2   86.8  117.8  105.9  135.1   164.6   169.5   274.9   310.5  1028.5
1846  109.7   60.1   81.1   96.3   49.0   74.7  114.8  114.7   64.1  157.0   85.8   54.5   305.0   226.4   304.2   306.9  1061.8
1847   63.0   53.8   43.5   65.1   92.6   70.0   48.6   60.6   80.6  131.2  103.8  149.3   171.3   201.2   179.3   315.5   962.2
1848   60.6  171.1  106.1   74.7   34.6  122.7   93.2  111.7   78.7  132.7   92.7  100.6   381.1   215.5   327.5   304.1  1179.5
1849  130.7   76.3   41.4   74.2   74.6   46.1   95.8   71.2   92.4   97.5   92.2   94.5   307.7   190.2   213.1   282.1   986.9
1850   69.9  105.3   31.2   86.1   64.1   52.6   88.5   91.2   69.4   86.4  116.5   88.3   269.7   181.4   232.3   272.3   949.4
1851  144.9   55.5  116.3   52.9   36.1   81.0   99.3   82.6   38.8   95.7   50.2   53.7   288.6   205.4   262.9   184.8   907.0
1852  174.3   90.8   18.9   21.5   60.3  113.1   79.4  119.6   92.6  108.0  186.5  191.3   318.8   100.7   312.0   387.0  1256.2
1853  128.5   55.5   43.9   69.3   35.3   88.2  113.3   79.9   74.9  137.1   79.2   36.1   375.2   148.5   281.4   291.2   941.1
1854  105.6   58.8   45.0   24.0   82.2   78.4   81.5   70.3   52.1  103.0   84.3  118.3   200.5   151.2   230.2   239.5   903.6
1855   28.5   42.2   70.8   38.8   52.4   73.8  107.8   81.4   36.8  143.6   43.5   67.5   189.1   162.0   263.1   223.9   787.2
1856   81.2   81.0   19.2   73.6   79.2   84.3   73.2   96.1  107.0   65.6   57.5  113.8   229.7   172.0   253.6   230.0   931.6
1857   99.5   53.2   83.0   75.9   48.5   67.7   72.3   84.1   93.6   90.5   67.9   79.0   266.6   207.4   224.1   251.9   915.2
1858   65.6   31.9   51.3   75.9   76.8   57.0   94.4   76.2   82.1  108.8   49.4  107.2   176.6   203.9   227.5   240.3   876.6
1859   94.1   81.4  103.9   91.5   22.9   58.0   70.3   92.2  115.9  109.8   96.9  105.7   282.7   218.3   220.5   322.7  1042.6
1860  117.4   60.0   99.3   43.2   85.3  143.0   60.5  134.8   72.0  117.3   76.6   94.0   283.1   227.8   338.3   265.9  1103.5
1861   58.1   90.6  118.6   26.3   37.4   74.9  119.2  111.3  115.7   69.1  157.4   75.7   242.7   182.4   305.4   342.1  1054.3
1862  106.4   36.7  106.6   81.0   96.7   95.2   93.3   82.5   74.7  157.9   55.6  113.7   218.8   284.4   271.0   288.2  1100.4
1863  146.1   58.3   50.2   68.5   55.9  102.5   27.8  112.5  133.4  125.2  100.4  105.8   318.1   174.6   242.8   359.0  1086.6
1864   67.4   76.0   94.5   45.6   53.8   69.5   45.6   49.9  113.8   95.4  109.1   89.6   249.2   193.9   165.1   318.3   910.3
1865  108.5   81.0   57.7   29.2   89.0   35.1   85.8  123.1   25.2  154.7  101.0   86.6   279.2   175.9   244.0   280.9   977.0
1866  148.3  121.6   78.4   51.0   42.5   73.3   75.9  113.0  159.2   70.7  112.6  127.0   356.5   171.9   262.2   342.5  1173.5
1867  118.5   85.1   73.2  114.2   72.1   50.4  109.0   72.9   82.5  121.3   36.0   88.5   330.7   259.6   232.3   239.8  1023.9
1868  137.2  116.8  105.4   75.2   56.2   32.5   23.2  132.0   82.9  112.7   79.0  190.8   342.5   236.8   187.7   274.6  1143.9
1869  127.2  121.5   53.7   57.1   83.6   42.2   38.7   45.9  156.5   84.4  117.2  137.4   439.5   194.4   126.8   358.1  1065.4
1870   76.0   79.2   48.6   43.7   58.9   40.7   47.3   54.1   74.2  162.0   77.5   92.1   292.7   151.2   142.1   313.8   854.4
1871   75.3   90.2   62.9   96.6   31.4   69.5  124.8   65.6  112.0   99.3   60.4   91.7   257.6   190.9   259.9   271.7   979.7
1872  165.8  106.5   85.3   74.0   76.7  129.2  109.7   95.5  135.1  153.4  158.6  148.1   364.0   236.0   334.4   447.1  1437.9
1873  141.1   43.0   72.1   28.3   66.1   61.0  104.7  113.7   92.1  121.0   85.9   67.3   332.2   166.6   279.3   299.0   996.3
1874  105.3   60.7   75.2   63.1   43.8   43.7   65.8  119.6  122.0  147.1  107.5   90.6   233.3   182.1   229.1   376.7  1044.6
1875  140.4   47.0   40.0   42.0   65.9   86.0  116.4   85.8  105.7  145.7  137.8   79.4   278.0   147.9   288.2   389.2  1092.1
1876   68.9  111.8  123.1   81.2   24.9   72.5   57.8   90.9  120.7  103.0  103.6  189.9   260.0   229.2   221.2   327.3  1148.2
1877  165.7  102.7   79.2   83.4   78.6   82.8  113.1  140.2   72.9  125.4  170.3  110.6   458.3   241.2   336.0   368.6  1324.7
1878   93.5   55.5   58.8   60.1  114.5   77.1   37.2  135.4  101.7  121.7  108.6   74.2   259.5   233.4   249.7   332.1  1038.3
1879   62.2   87.4   62.7   62.6   75.0  126.5  127.5  143.1  110.4   52.6   46.9   61.6   223.8   200.3   397.1   209.8  1018.4
1880   42.1  106.2   57.2   75.3   41.6   78.5  134.7   36.9  106.4  116.0  119.5  120.6   209.9   174.1   250.1   342.0  1035.0
1881   32.6  105.2   91.4   36.6   61.8   85.5   93.3  129.8   71.0   92.2  132.5  113.3   258.3   189.8   308.5   295.7  1045.0
1882   88.1   84.4   94.2  103.0   58.4  109.1  126.5   85.9   92.0  130.8  145.9  129.4   285.8   255.6   321.5   368.7  1247.7
1883  120.5  120.2   53.6   49.1   57.5   79.2   98.3   84.7  126.0  114.9  133.3   87.0   370.1   160.2   262.3   374.2  1124.4
1884  143.0   96.2   84.7   44.1   63.0   41.0  105.9   63.0   77.3   86.8   88.9  125.5   326.2   191.8   209.8   253.0  1019.4
1885   79.4  117.7   63.5   65.3   81.4   56.8   38.9   64.2  145.9  135.5   93.5   72.4   322.7   210.1   159.9   374.9  1014.5
1886  125.9   42.1   85.8   61.8  112.8   40.6   99.6   59.2   93.1  127.2  108.2  139.8   240.4   260.3   199.4   328.5  1096.1
1887   91.5   53.5   51.1   50.3   49.1   25.6   63.4   68.1   98.2   74.8   93.8   87.5   284.8   150.5   157.0   266.9   806.9
1888   62.1   42.8   95.2   60.1   57.6   74.2  142.2   90.6   40.7   73.7  164.8   89.9   192.3   212.8   307.1   279.2   993.8
1889   63.2   80.4   78.2   83.3   77.4   24.6   75.6  125.5   61.3  116.3   58.9   86.9   233.4   238.9   225.7   236.5   931.6
1890  145.8   30.0   83.4   46.9   60.5   89.5   97.1  106.1   69.0   95.3  150.0   37.9   262.7   190.8   292.6   314.2  1011.2
1891   79.3   24.2   71.8   45.6   78.1   53.1   87.5  155.8  100.7  156.7  101.8  153.4   141.4   195.5   296.3   359.1  1107.9
1892   83.0   63.7   33.4   37.7   82.8   84.3   71.7  122.9  110.2  138.0   88.5   61.2   300.2   153.9   278.9   336.8   977.6
1893   68.0  117.5   34.6   23.1   49.5   44.8   96.3   86.6   84.8  116.4   90.5  127.5   246.7   107.2   227.8   291.7   939.7
1894  118.0  140.8   75.4   50.8   77.9   71.4  103.2  105.5   32.3  108.1  118.6   99.4   386.3   204.1   280.1   259.0  1101.4
1895   91.8   17.8   91.5   63.8   21.8   48.3  119.1  114.8   40.7  117.1  127.1  105.9   208.9   177.1   282.3   284.8   959.7
1896   58.9   43.5  117.3   47.7   18.8   81.7   81.1   75.6  150.4  124.0   46.5  141.6   208.3   183.8   238.4   320.9   987.1
1897   55.7   86.9  129.5   69.1   51.2   91.7   51.8  121.3  100.4   58.9   82.3  137.9   284.2   249.8   264.8   241.6  1036.6
1898   68.4   89.1   55.0   79.8   86.4   64.6   34.7  104.5   67.6  119.0  110.3  142.8   295.3   221.2   203.7   296.9  1022.1
1899  131.0   76.2   63.8   99.1   78.1   48.0   67.6   41.1  116.3   90.2  110.1   96.6   350.0   241.0   156.6   316.6  1018.0
1900  131.0  113.7   33.9   62.9   64.6   85.4   72.1  120.2   64.5  125.2  112.0  163.2   341.3   161.4   277.8   301.8  1148.8
1901   71.2   52.2   78.0   77.2   39.7   69.2   61.3   89.6   65.8   96.1   85.3  139.8   286.6   194.9   220.2   247.3   925.6
1902   69.7   44.4   73.4   55.2   79.2   65.4   70.5   87.1   64.7   84.9   83.5  104.2   254.0   207.7   223.0   233.1   882.2
1903  131.4  108.4  147.3   59.6   78.5   67.0  113.6  146.0  102.0  220.0   88.2   82.1   344.0   285.5   326.6   410.2  1344.1
1904  108.4  109.7   59.4   85.2   75.9   46.3   71.5  105.8   73.2   58.8   73.8   95.9   300.2   220.5   223.6   205.8   963.9
1905   62.2   65.0  117.5   76.2   38.0   65.8   52.7  118.6   72.2   83.7  122.9   57.7   223.1   231.7   237.1   278.9   932.7
1906  142.5   87.9   73.2   44.7  101.7   51.0   55.0   94.4   42.8  153.4  122.2   98.8   288.2   219.6   200.4   318.4  1067.6
1907   61.9   71.0   72.0   78.1   94.2  111.8   67.9  101.8   29.3  146.5   88.5  120.0   231.6   244.3   281.5   264.3  1043.0
1908   82.5   78.4  113.4   70.0   65.5   53.3   85.0   96.9  108.8   52.7   76.4   95.9   280.9   248.9   235.1   237.9   978.7
1909   79.5   44.3   97.9   80.3   56.6   72.8  101.9   78.5   72.0  160.3   57.3  135.2   219.7   234.8   253.1   289.6  1036.5
1910  109.1  122.6   49.7   93.3   70.0   68.4   95.4  138.7   26.9   87.2  127.0  140.2   366.9   213.0   302.4   241.0  1128.3
1911   58.5   98.0   61.7   68.9   51.8   77.6   43.8   68.8   68.4   90.8  139.4  183.5   296.7   182.4   190.3   298.6  1011.3
1912  108.9   78.1  126.5   34.9   57.7  123.5   90.8  166.8   56.5  113.7  103.3  157.5   370.6   219.0   381.2   273.5  1218.2
1913  121.6   56.7  128.2  102.1   81.1   63.5   32.7   43.9   72.3  101.0  123.9   84.7   335.8   311.4   140.1   297.2  1011.7
1914   76.7  113.6  122.7   52.9   59.0   52.1   91.7   80.3   57.0   62.1  136.1  196.9   275.0   234.5   224.1   255.2  1101.1
1915  115.2  138.7   53.8   63.6   51.8   35.6  122.7   80.2   53.7   73.2   81.2  179.9   450.8   169.2   238.6   208.2  1049.7
1916  107.8  134.4   86.1   69.5   91.3   72.3   71.3   89.8   55.2  168.1  129.0  105.0   422.0   246.8   233.4   352.4  1179.7
1917   71.9   33.9   70.9   62.0   67.4   71.0   59.5  166.6   75.1  164.3  118.6   60.4   210.7   200.3   297.0   358.1  1021.6
1918  101.6  103.4   41.9   49.3   63.0   43.0  119.7   83.7  178.1  105.1   94.4  130.2   265.4   154.2   246.4   377.6  1113.4
1919  117.2   58.6  113.8   80.7   29.1   64.4   49.6   90.3   81.6   69.6   99.0  161.3   306.0   223.6   204.3   250.2  1015.3
1920  137.5   93.7  106.6  106.8   94.5   57.5  123.5   70.5   76.5   74.8   81.7  104.3   392.6   307.9   251.5   233.1  1128.0
1921  148.2   24.1  102.2   38.0   62.7   18.4   58.3  107.9   52.9   81.2   71.0  126.7   276.6   202.9   184.6   205.2   891.8
1922  119.9  110.3   70.9   85.5   62.1   51.8  116.6   98.3   79.4   46.5   65.5  125.7   356.9   218.5   266.7   191.4  1032.5
1923  102.7  151.8   50.3   77.6   78.3   36.0   88.4  127.9  110.8  156.5  109.9  113.5   380.2   206.2   252.3   377.2  1203.7
1924  102.3   39.6   36.1   75.6  119.7   71.6  120.9  113.3  132.1  118.8   81.6  151.8   255.5   231.5   305.8   332.5  1163.5
1925  100.2  134.0   50.4   93.4  118.1   14.2   73.4   86.0  102.5  111.2   64.7  109.0   386.0   261.9   173.6   278.5  1057.3
1926  137.3   93.2   58.9   69.1   74.5   78.1   79.6   86.3   78.2  113.8  163.0   50.8   339.5   202.5   244.0   354.9  1082.7
1927  124.1   74.0   91.9   81.5   50.3  106.6   96.3  132.2  152.8  108.5  116.0   63.9   249.0   223.7   335.1   377.3  1198.1
1928  197.8  101.8   94.5   47.3   40.1  110.0   69.8  110.5   59.3  157.6  145.0  104.8   363.5   181.9   290.3   361.9  1238.5
1929   48.7   37.4   16.2   40.1   69.2   61.0   79.0  107.5   45.7  148.2  185.4  209.2   190.9   125.5   247.5   379.3  1047.6
1930  148.4   24.9   70.1   66.4   59.5   53.0  102.0  140.5  111.8  136.3  141.0  113.1   382.5   196.1   295.6   389.1  1167.1
1931  106.4   99.6   28.0   86.8   95.1  111.0  116.1   98.0   64.8   63.4  154.7   82.2   319.1   209.9   325.0   282.8  1106.0
1932  135.4    9.6   70.0   99.7  107.0   35.5  109.6   57.9  108.6  167.8   87.6   98.6   227.1   276.7   203.0   364.0  1087.3
1933   95.0  104.1   72.8   53.6   54.1   61.4   77.6   58.0   47.1  116.3   57.3   33.5   297.7   180.5   197.1   220.7   830.9
1934  113.8   23.1   80.6   96.0   64.2   48.9   66.0  103.8  100.3  130.2   58.0  177.0   170.5   240.8   218.7   288.5  1062.0
1935   64.2  121.0   44.0   98.7   33.1  101.5   39.0   73.5  150.5  171.0  143.5   93.6   362.2   175.9   214.0   465.0  1133.6
1936  124.8   73.4   65.5   47.3   37.2   79.8  142.6   53.4   98.4   94.2  106.3  130.8   291.7   150.0   275.9   298.9  1053.8
1937  151.7  135.2   80.9   69.1   67.2   56.4   84.8   61.6   74.9   82.9   46.2   90.7   417.6   217.1   202.7   204.0  1001.3
1938  145.4   58.6   59.7   14.4   81.7   94.3  109.0   84.0   80.0  171.5  160.4  117.8   294.7   155.9   287.2   412.0  1176.9
1939  143.8   94.7   79.1   66.2   32.9   63.5  143.5   68.2   47.1  103.5  171.1   70.7   356.4   178.2   275.2   321.7  1084.3
1940   65.3   69.6   92.1   71.5   43.3   27.8  130.7   40.0   73.1  122.6  187.9  106.1   205.5   206.9   198.5   383.6  1030.0
1941   73.6  105.1   81.2   48.6   63.9   31.0   81.3  131.8   33.0  107.5  105.4   74.4   284.8   193.7   244.1   245.9   936.8
1942  122.1   45.4   66.6   49.6   95.5   31.6   90.3  108.8  102.8  126.4   45.2  135.4   241.8   211.7   230.7   274.5  1019.9
1943  146.7   83.2   44.5   65.7   90.7   77.5   66.1  115.7   98.2  127.2   87.4   64.2   365.3   200.9   259.2   312.8  1067.0
1944  116.5   52.5   28.5   64.2   61.0   82.8   73.5   81.3  116.4  132.1  162.6  105.2   233.3   153.7   237.6   411.1  1076.6
1945   96.9  110.6   55.2   51.1   94.4   95.1   77.7   70.9   92.5  115.5   22.3  115.3   312.7   200.8   243.7   230.2   997.5
1946  113.1   97.1   50.5   49.4   59.1   94.3  100.4  131.8  146.5   31.4  161.4  112.2   325.5   159.1   326.6   339.3  1147.3
1947   98.6   43.4  138.8  117.6   70.4   80.1   82.3    9.9   86.1   40.2  124.4   81.9   254.2   326.9   172.3   250.8   973.8
1948  177.4   76.3   64.3   67.6   65.4  106.6   68.0  136.7  107.9  106.8   77.2  138.8   335.6   197.3   311.3   291.8  1193.1
1949   89.8   77.4   56.6   91.1   67.5   27.8   57.4   83.9   57.8  153.7  124.2  143.7   305.9   215.2   169.1   335.7  1030.8
1950   65.5  137.4   62.3   95.0   49.6   62.1  114.2  132.2  178.5   78.3  136.0   77.0   346.5   206.9   308.5   392.7  1187.9
1951  112.6  108.6  104.5   87.4   64.9   44.3   72.0  134.0   86.1   40.5  191.7  138.9   298.2   256.7   250.3   318.3  1185.4
1952  105.5   40.9   81.0   60.0   65.4   69.9   51.4  114.3   91.3  120.4   93.3  107.5   285.4   206.4   235.6   305.0  1001.0
1953   52.2   60.4   34.1   80.2   68.1   61.8  117.9   93.8  102.9   77.8  117.4   72.9   220.1   182.3   273.6   298.2   939.6
1954   85.8   92.3   84.7   28.9   93.0   94.2   96.7  117.3  118.9  166.7  180.6  138.5   250.9   206.6   308.2   466.3  1297.6
1955   85.7   73.0   52.3   49.2   97.8   82.1   29.3   30.7   79.4   95.0   64.0  143.6   297.2   199.3   142.1   238.4   882.2
1956  117.5   41.5   44.9   45.8   44.5   76.0  119.7  158.5  102.3   80.1   57.4  137.1   302.7   135.3   354.3   239.8  1025.5
1957  118.1   97.2   89.9   27.5   51.4   56.9  120.8  121.9  119.9  103.0   65.3  117.3   352.5   168.8   299.7   288.2  1089.3
1958  112.4  114.4   50.6   43.5   93.8   98.9  103.5  108.0  117.2  101.4   54.2  117.0   344.1   187.9   310.4   272.8  1114.9
1959  100.7   26.2   74.6   90.9   33.3   62.0   91.8   44.6   23.3  117.6  143.8  177.9   243.9   198.8   198.4   284.6   986.6
1960  123.4   98.1   50.4   72.2   48.5   60.7  111.5  116.4  100.8  147.5  149.2  125.9   399.3   171.1   288.6   397.5  1204.5
1961  118.1   95.4   43.3   99.9   47.0   52.4   84.8  109.1  104.1  145.0   80.7  102.3   339.3   190.1   246.3   329.7  1081.9
1962  151.5   71.6   50.9   71.7   74.3   42.9   64.9  142.7  123.0   54.3   78.5  104.5   325.4   196.8   250.5   255.8  1030.7
1963   32.6   34.3  120.7   82.5   76.9   87.5   64.0  113.4   88.8   92.1  168.6   39.6   171.4   280.1   264.8   349.5  1000.9
1964   43.8   38.0   80.9   77.9   75.0   77.7   68.9   87.5   74.4   79.7   86.7  128.3   121.4   233.8   234.0   240.8   918.8
1965  122.7   24.7   76.6   80.8   70.8   89.6  101.5   90.0  141.7   70.9  106.6  163.2   275.7   228.3   281.1   319.1  1139.1
1966   64.9  126.1   75.3   91.3   86.3  104.8   73.0  100.3   74.9  124.9  106.8  159.1   354.2   253.0   278.1   306.6  1187.8
1967   83.5  109.1  106.6   56.1  131.8   50.8   78.9   83.9  116.5  196.8   92.9   97.5   351.7   294.5   213.5   406.1  1204.2
1968  104.4   53.7   92.8   67.2   84.2   79.2   97.9   67.8  135.4  132.2   75.8   81.2   255.5   244.3   244.9   343.4  1071.8
1969  111.6   72.2   59.7   64.4  108.4   67.2   70.6   76.8   70.1   59.0  144.1   98.2   265.0   232.5   214.6   273.2  1002.3
1970  108.7  107.2   78.0   92.8   41.7   53.6   98.5   94.7   97.1  111.1  174.1   63.0   314.1   212.5   246.8   382.3  1120.4
1971  113.4   59.1   75.8   54.8   58.0   89.1   57.4  106.4   37.0  102.7  113.6   68.4   235.5   188.5   252.9   253.2   935.6
1972  116.9   81.4   77.8   89.0   89.5   92.5   57.8   52.9   36.2   48.1  126.3  118.3   266.6   256.3   203.2   210.6   986.8
1973   69.8   68.9   42.7   72.2   85.6   68.3   86.5   83.0   86.6   62.2   96.8  106.5   257.0   200.5   237.7   245.6   928.9
1974  172.5  112.2   53.1   14.6   55.5   64.8   87.8   93.0  145.1   95.1  148.1  139.1   391.2   123.2   245.6   388.3  1180.9
1975  168.7   36.5   70.5   80.8   41.8   35.7   80.1   61.7  128.6   53.5   95.7   67.9   344.3   193.1   177.5   277.9   921.6
1976  111.3   61.9   77.4   35.8   84.5   38.7   44.4   24.2  141.7  163.4   98.4   92.6   241.1   197.6   107.3   403.4   974.1
1977  103.4  132.4   94.6   80.4   56.1   77.1   38.9   97.0   80.7  107.0  142.3   93.7   328.4   231.1   213.0   330.0  1103.6
1978  126.9   85.0  114.3   47.9   38.7   62.0   84.9   77.1  102.3   52.4  113.6  157.4   305.5   200.9   223.9   268.4  1062.4
1979   94.5   53.6  144.0   75.8  107.3   51.1   57.3  107.2   73.4  101.5  136.0  170.3   305.5   327.1   215.6   310.9  1171.9
1980   90.7   93.8  102.7   18.4   28.4  125.4   84.4  103.7  109.3  148.4  119.5  130.8   354.8   149.4   313.5   377.3  1155.6
1981   97.8   69.6  153.9   49.2   89.4   66.7   66.5   45.9  172.5  157.2  125.7   87.5   298.3   292.5   179.2   455.4  1182.0
1982  102.1   73.2  120.4   31.0   60.7   99.0   39.7  110.3  119.8  141.0  161.5  140.8   262.8   212.0   249.1   422.4  1199.6
1983  149.9   46.7   98.8   89.9  105.5   51.0   38.3   38.6  123.2  140.6   51.1  151.5   337.4   294.2   127.9   314.9  1085.0
1984  170.1   77.5   73.9   28.4   45.4   51.8   36.7   56.5  131.6  137.3  171.3  109.8   399.1   147.8   145.0   440.1  1090.3
1985   76.4   35.2   77.3   84.7   68.8   90.6  105.7  158.4  100.2   59.3   98.8  147.1   221.4   230.8   354.6   258.2  1102.4
1986  146.3   17.2  110.6   84.7  118.5   49.2   66.6  120.5   35.4  118.1  158.2  187.9   310.7   313.9   236.4   311.7  1213.4
1987   45.0   68.7  112.4   64.9   55.0  103.4   85.6   87.2   93.7  164.1   91.2   89.9   301.7   232.2   276.1   349.1  1061.0
1988  169.9   90.3  126.7   52.8   58.5   37.0  150.6  117.0   93.2  118.6   65.2   81.2   350.1   238.0   304.6   277.0  1161.0
1989   97.4  137.8  124.5   79.1   32.0   62.8   42.0  102.7   58.9  128.4   60.5  119.0   316.4   235.6   207.5   247.8  1045.1
1990  169.8  193.4   94.8   60.1   35.6   93.8   49.4   72.8   82.2  142.6   78.9  130.2   482.2   190.4   216.0   303.8  1203.6
1991  111.4   70.4   94.1   90.9   22.6  103.5   76.5   43.2   84.0  107.2  138.3   82.5   312.1   207.7   223.3   329.6  1024.9
1992   78.9   89.6  127.9   91.1   58.9   39.2   86.7  162.9  118.1   95.9  161.2  107.0   251.1   277.8   288.8   375.2  1217.3
1993  175.4   33.1   58.9  102.6   98.6   68.4   94.5   62.1   99.7   94.0   73.5  188.7   315.4   260.1   224.9   267.2  1149.4
1994  154.0   88.6  146.3   94.5   49.6   62.8   54.3   82.7  103.1   98.4  108.0  174.2   431.4   290.5   199.8   309.5  1216.6
1995  181.0  143.0   94.1   40.6   59.7   29.7   57.9   18.4  135.5  117.2   99.8   73.4   498.2   194.5   106.0   352.5  1050.4
1996   74.7  101.7   48.7   72.9   65.6   42.2   55.2   78.5   44.4  136.7  147.6   66.9   249.8   187.2   175.9   328.6   935.1
1997   29.0  168.3   66.9   43.1   87.4  116.0   63.9   83.9   62.0   72.4  123.3  133.1   264.2   197.4   263.7   257.6  1049.1
1998  134.2   81.8  105.1  121.2   41.3  121.8   93.1   79.0   92.6  187.7  118.4  122.6   349.2   267.6   293.9   398.7  1298.8
1999  164.9   83.1   88.7   88.6   75.9   93.8   46.1   91.9  140.2   93.4  109.5  195.5   370.5   253.2   231.8   343.2  1271.6
2000  101.9  131.7   67.7  123.9   77.7   58.3   59.7   85.5  133.8  199.5  176.3  156.8   429.1   269.3   203.5   509.7  1372.9
2001   79.0   97.0   85.6   89.6   43.3   58.0   81.7   96.9   88.9  165.3   95.0   69.7   332.9   218.5   236.6   349.1  1050.0
2002  134.3  175.3   75.5   68.0  101.6   86.8   98.5   73.8   40.6  153.8  163.1  109.2   379.3   245.2   259.1   357.5  1280.5
2003  113.9   48.3   53.7   50.4   98.0   71.2   78.3   26.7   53.8   63.9  120.6  121.9   271.4   202.2   176.1   238.2   900.6
2004  150.1   74.4   70.1   92.8   51.0   84.8   70.2  159.7  103.1  165.4   75.2  110.6   346.4   213.9   314.7   343.7  1207.3
2005  126.7   69.9   72.7   90.9   72.7   71.7   59.4   85.5   91.9  141.7  116.0   80.6   307.2   236.3   216.7   349.5  1079.7
2006   59.3   65.0  110.1   67.5  112.6   42.0   53.1   92.0  102.5  142.0  153.1  172.5   204.9   290.2   187.1   397.6  1171.7
2007  152.3  110.0   87.4   26.4  114.1  136.1  134.6   85.8   67.0   64.5  100.4  114.0   434.8   227.8   356.6   231.8  1192.5
2008  189.3   81.8  122.6   76.2   47.7   78.7  108.1  135.0  105.8  154.4  105.8   87.5   385.1   246.6   321.8   365.9  1292.9
2009  119.4   59.8   78.9   60.0   81.7   61.9  145.5  114.5   63.8  107.4  214.8  100.3   266.6   220.6   321.9   386.0  1208.0
2010   79.6   74.7   78.7   47.5   38.9   38.4  107.0   97.5  113.3  100.5  122.7   47.1   254.6   165.1   242.9   336.5   946.0
2011  102.2  113.8   49.5   35.7  100.7   84.7   75.7  105.4  107.4  122.0   99.0  166.7   263.1   185.9   265.8   328.4  1162.7
2012  110.2   59.4   36.7  128.2   65.6  149.0  118.5  111.3  111.8  125.6  135.1  178.3   336.2   230.5   378.8   372.5  1329.7
2013  109.7   59.6   64.4   62.9   91.8   48.5   65.2   72.2   71.0  162.6   90.4  185.6   347.7   219.2   185.8   324.1  1084.0
2014  186.7  167.6   79.7   67.5   99.3   54.7   64.0  138.0   22.6  157.1  123.3  131.3   539.9   246.6   256.7   303.0  1291.8
2015  153.6   80.0   95.0   45.5  109.7   56.0  107.6  104.8   51.9   72.0  171.9  216.3   364.9   250.1   268.4   295.9  1264.3
2016  178.4  110.1   83.8   77.4   61.5   96.0   78.5   85.2   96.3   47.0  104.9   77.2   504.9   222.6   259.7   248.1  1096.1
2017   76.0   93.4   97.8   33.2   57.2  110.4  101.2  102.3  117.2  101.4  107.6  120.8   246.5   188.1   313.9   326.2  1118.4
2018  132.4   68.6  103.9   83.7   47.7   34.6   54.2   83.0  101.5  104.2  121.6  117.6   321.8   235.4   171.9   327.2  1053.1
2019   64.6   71.1  128.9   48.5   63.6  109.0   89.0  132.7  126.1  139.7  119.1  139.7   253.3   241.1   330.7   384.9  1232.1
2020  121.2  213.7   78.6   30.0   32.8  107.5   95.8  122.2   77.3  182.8  104.8  166.9   474.7   141.4   325.5   365.0  1333.6
2021  140.0  106.4   87.0   20.6  120.7   44.8   74.6   66.7   82.5  168.0   81.9  114.7   413.3   228.4   186.1   332.3  1107.9
2022   63.2  152.5   50.5   49.5   77.1   61.8   48.2   51.6  105.0  147.0  167.4  118.2   330.4   177.1   161.6   419.3  1091.8
2023  129.3   45.6  134.4   73.4   40.2   54.8  141.9   89.9  121.4  177.9  120.0  189.9   293.1   248.0   286.5   419.3  1318.6
2024  117.5  139.8  107.8  111.4   82.5   55.4   82.4  103.5                               447.1   301.7   241.3                
