Areal values from HadUK-Grid 1km gridded climate data from land surface network
Source: Met Office National Climate Information Centre
Monthly, seasonal and annual number of days in the month with precipitation amount >= 1mm for UK
Areal series, starting in 1891
Last updated 01-Sep-2024 11:40
year    jan    feb    mar    apr    may    jun    jul    aug    sep    oct    nov    dec     win     spr     sum     aut     ann
1891   13.6    3.5   13.2    8.8   15.3    8.9   15.3   21.5   15.5   18.7   15.3   18.7     ---    37.2    45.8    49.6   168.4
1892   15.3   13.7    7.4    8.8   13.7   13.7    9.9   15.8   15.0   19.2   13.9   12.0    47.7    29.9    39.4    48.1   158.3
1893   14.5   18.2    7.1    5.0    9.7    8.4   15.3   14.3   14.1   16.9   13.7   17.3    44.6    21.8    38.0    44.7   154.4
1894   19.7   16.7   10.4   12.6   15.9   12.9   16.4   16.8    6.6   15.2   14.9   15.7    53.7    39.0    46.1    36.7   173.8
1895   17.4    4.3   16.5   11.5    5.5    9.1   16.2   18.0    7.0   16.8   17.5   16.4    37.4    33.5    43.3    41.3   156.2
1896   10.3    7.5   19.5   11.4    3.9   14.2   12.3   14.2   20.7   18.6    8.8   20.1    34.1    34.8    40.6    48.1   161.3
1897   12.5   13.2   20.3   13.8   11.1   12.8    8.7   18.9   14.2    9.0   12.3   16.7    45.8    45.2    40.4    35.5   163.5
1898   11.1   15.2   11.6   13.4   16.3   12.2    6.7   14.8    8.4   15.5   14.1   17.5    43.0    41.4    33.6    38.0   156.8
1899   18.6   11.2   11.1   17.9   12.7    8.3   10.8    7.7   18.1   11.0   13.0   15.9    47.3    41.6    26.8    42.1   156.2
1900   21.5   16.6    8.3   12.8   11.1   15.8   13.7   15.0   10.4   18.8   18.8   21.0    54.0    32.2    44.5    48.0   183.8
1901   14.0   10.7   14.1   14.2    8.2   11.4    9.6   13.3   11.6   16.9   10.2   19.8    45.7    36.5    34.3    38.8   154.0
1902   12.8   10.0   14.6   11.1   18.1   13.5   13.2   16.2   11.3   14.9   13.4   13.8    42.5    43.8    43.0    39.6   162.9
1903   16.7   13.8   21.6   11.9   14.2    9.6   16.0   19.8   14.3   26.5   15.3   13.3    44.3    47.7    45.4    56.1   193.1
1904   18.0   18.3   12.7   14.8   14.6    9.0   12.2   15.9   11.1   10.8   12.7   15.3    49.6    42.1    37.2    34.6   165.5
1905   11.4   12.7   19.9   16.3    7.7   10.2   10.8   18.1   12.7   14.5   17.9   10.9    39.3    43.9    39.1    45.1   163.1
1906   19.9   16.2   13.7   10.2   17.7    8.8   10.9   14.8    7.3   21.1   16.6   17.8    46.9    41.5    34.6    45.0   175.0
1907   10.9   11.7   12.4   15.2   16.4   20.2   13.6   17.1    6.1   21.3   14.1   17.0    40.4    44.0    51.0    41.5   176.1
1908   12.1   14.8   17.9   12.9   14.4    8.8   12.1   13.5   16.2    9.6   12.7   17.3    43.9    45.2    34.4    38.5   162.4
1909   13.3    7.0   17.8   13.8   10.2   11.7   16.7   12.9   12.9   21.0    9.7   18.1    37.7    41.8    41.3    43.6   165.1
1910   17.1   20.6    8.2   16.2   14.8   12.2   13.2   18.1    5.3   11.8   17.1   20.2    55.8    39.3    43.5    34.2   174.9
1911   10.4   13.5   12.7   11.6    8.0   11.0    8.2   10.4   10.9   13.4   18.2   23.7    44.1    32.3    29.7    42.5   152.2
1912   16.5   14.4   20.3    4.6   10.8   20.4   13.4   21.3    6.9   14.7   14.1   20.5    54.6    35.7    55.0    35.7   177.9
1913   17.0    9.1   19.6   15.2   14.0   10.9    7.3    8.2   10.4   14.8   18.3   12.2    46.6    48.8    26.4    43.5   157.1
1914   11.4   16.2   21.1    9.6   11.6    9.2   14.0   12.5    9.6   11.2   18.4   21.4    39.8    42.3    35.7    39.2   166.2
1915   17.2   18.5   10.5   11.9    8.4    6.9   18.3   14.7    8.2   10.5   10.3   23.0    57.1    30.8    39.9    29.0   158.5
1916   15.8   20.0   16.2   12.7   14.8   14.0   12.4   13.0    9.2   21.1   16.5   17.2    58.8    43.7    39.3    46.8   182.9
1917   11.5    7.6   14.8   13.5   10.5   11.5    9.4   21.4   12.3   21.1   15.0   11.7    36.3    38.8    42.3    48.4   160.3
1918   15.1   16.0    8.2    9.6   10.7    9.1   16.8   13.2   22.7   16.5   12.6   20.8    42.8    28.5    39.1    51.7   171.2
1919   19.4    9.5   15.4   14.2    7.0   11.9    8.3   12.4   12.8   11.3   16.8   22.2    49.6    36.5    32.5    40.9   161.0
1920   19.2   12.1   16.9   20.2   14.8   10.2   20.5   10.0   12.8    9.1   11.3   15.8    53.4    51.8    40.6    33.2   172.7
1921   20.1    4.4   17.4    8.4   13.7    4.8    9.3   16.1    8.0   12.5   11.4   17.8    40.3    39.5    30.2    31.9   143.9
1922   20.2   16.7   14.0   15.0    9.7   11.8   17.9   15.8   13.0    8.4   10.9   17.1    54.7    38.7    45.5    32.4   170.6
1923   15.6   20.2   10.6   13.2   14.9    8.1   14.7   17.5   16.2   21.5   15.5   18.8    53.0    38.8    40.2    53.3   186.9
1924   16.2    9.2    6.8   12.5   20.3   13.1   17.8   19.1   17.4   15.3   11.3   17.4    44.2    39.6    50.1    44.0   176.5
1925   13.5   19.2   11.2   15.8   19.1    3.2   12.2   14.6   15.9   14.5   11.8   16.9    50.2    46.1    30.1    42.1   167.9
1926   19.7   15.3    9.7   13.6   15.8   13.1   11.7   14.1   12.9   14.7   19.7    9.7    51.8    39.1    38.9    47.3   170.0
1927   18.9   12.7   16.7   14.8    9.6   17.2   15.2   18.7   18.5   13.3   16.1    9.7    41.3    41.2    51.2    47.9   181.6
1928   23.3   13.6   16.1   10.8    8.8   16.9   10.4   16.1    9.6   19.5   18.7   16.3    46.7    35.7    43.5    47.8   180.3
1929    9.3    8.3    3.1    9.2   11.3   11.8   10.8   15.7    7.4   17.9   20.5   23.4    34.0    23.6    38.4    45.8   148.7
1930   19.2    5.7   13.1   13.9   12.3    9.3   15.2   18.4   15.4   19.4   16.6   16.6    48.2    39.3    42.9    51.5   175.1
1931   17.2   18.1    6.6   16.5   15.0   14.7   18.7   12.6    9.9   10.5   17.8   12.4    51.9    38.1    46.1    38.3   170.1
1932   14.5    3.1   11.6   19.0   16.7    4.8   16.9    9.1   16.2   21.6   12.3   13.0    29.9    47.4    30.8    50.0   158.7
1933   12.6   14.4   12.7   10.1   12.5   10.5   13.0   10.2    7.5   15.3   10.4    7.4    40.0    35.3    33.7    33.2   136.6
1934   16.2    4.3   15.7   15.4   10.9    9.1   10.7   15.5   15.2   18.4   10.2   23.1    27.9    42.0    35.4    43.8   164.8
1935   10.9   16.4    8.8   16.4    6.3   17.9    8.0    9.8   18.3   20.2   19.5   15.8    50.4    31.5    35.7    57.9   168.3
1936   19.2   13.1   13.0    9.9    7.7   12.6   20.5    9.6   13.6   13.3   15.4   17.0    48.1    30.6    42.7    42.3   164.9
1937   20.0   19.7   15.0   13.0   11.2   10.6   12.0    8.7   13.0   10.9    9.1   15.0    56.7    39.1    31.3    33.0   158.1
1938   20.2    9.1    8.5    3.3   13.5   13.2   15.5   13.1   13.8   19.8   18.7   18.1    44.3    25.3    41.8    52.3   166.8
1939   19.1   13.8   14.8   12.5    7.1   11.2   19.2   11.2    7.4   15.0   21.0   10.6    51.0    34.4    41.6    43.4   162.8
1940    9.9   12.3   14.8   13.4    9.2    5.8   18.2    7.8   11.6   14.8   19.3   15.0    32.8    37.4    31.9    45.6   152.1
1941   12.7   16.6   12.2    9.8   10.5    5.6   12.7   19.9    5.6   14.2   15.8   11.7    44.3    32.5    38.1    35.6   147.2
1942   16.3    7.7   11.5    8.6   13.4    5.4   14.6   15.8   15.0   17.0    8.0   19.0    35.6    33.5    35.8    39.9   152.2
1943   20.2   11.9    7.7   11.6   12.3   13.5   10.7   17.8   14.5   14.7   16.3   10.2    51.2    31.6    42.0    45.4   161.4
1944   16.3   10.7    6.5   10.9    9.6   13.8   12.6   11.3   14.8   17.7   20.9   15.0    37.2    27.0    37.6    53.3   159.9
1945   14.7   15.4    8.9   10.0   15.9   16.4   10.9   10.2   13.1   11.1    5.9   17.0    45.1    34.8    37.5    30.2   149.6
1946   14.0   14.2    9.1    9.0    9.7   17.7   14.2   18.8   18.1    6.2   19.9   17.1    45.1    27.8    50.7    44.3   168.1
1947   14.6    8.7   19.8   14.5   13.2   14.0   13.0    2.0   12.8    7.8   15.9   13.3    40.3    47.5    29.0    36.5   149.5
1948   22.9   12.0    8.1   11.9   10.6   16.7   11.1   15.7   13.6   14.4   11.9   15.6    48.2    30.5    43.6    39.9   164.4
1949   13.5   11.2    9.6   13.2   12.1    6.4    8.0   11.1    8.3   16.5   17.8   18.5    40.3    34.9    25.5    42.6   146.3
1950   10.0   16.8   10.7   17.3    9.5   10.5   16.2   18.6   21.3   12.6   18.4   14.7    45.3    37.5    45.3    52.2   176.6
1951   17.2   17.6   17.2   14.2   11.1    8.9   11.0   19.1   12.1    7.4   21.9   17.6    49.5    42.5    39.0    41.3   175.2
1952   16.9    8.9   12.3   10.9   11.3   11.9    9.6   14.6   14.4   15.5   14.2   18.3    43.4    34.6    36.2    44.0   158.9
1953    9.2   10.4    5.4   13.7   10.4   11.2   18.7   13.8   13.1   10.8   13.9   12.0    37.9    29.5    43.7    37.8   142.6
1954   12.5   15.7   13.1    5.8   12.5   13.2   15.6   17.3   19.4   19.0   19.5   16.8    40.2    31.3    46.2    57.9   180.3
1955   13.5   13.5    8.4    9.4   16.2   11.1    3.5    6.3   12.8   12.7    9.8   18.6    43.8    33.9    20.9    35.2   135.8
1956   18.0    9.4    8.2    8.9    8.5   13.3   14.2   20.2   12.9   12.3   10.0   17.9    46.0    25.6    47.7    35.2   153.8
1957   16.5   15.4   15.1    6.1   10.2    9.6   16.1   15.4   16.6   13.7    9.4   14.7    49.8    31.4    41.1    39.7   158.8
1958   15.8   16.2   10.4    8.4   14.9   14.8   14.9   17.5   13.6   14.2    8.9   17.1    46.7    33.6    47.2    36.7   166.6
1959   13.5    5.2   13.4   15.4    6.8   11.3   11.1    7.1    3.6   12.8   18.1   22.6    35.8    35.6    29.4    34.6   140.9
1960   16.2   14.9   10.1   10.3    6.9    9.7   18.7   18.1   13.6   19.6   21.0   16.8    53.6    27.3    46.4    54.2   175.8
1961   16.2   14.2    7.2   16.1    7.7    9.0   10.7   15.3   14.7   18.9   12.4   13.6    47.3    31.0    35.0    46.0   156.1
1962   18.4   10.3    9.6   11.6   13.4    7.5    9.4   16.1   15.4    8.2   13.1   14.0    42.2    34.6    33.0    36.7   146.9
1963    7.2    6.3   16.3   15.0   14.5   14.0   11.8   17.4   12.4   14.0   20.5    7.4    27.5    45.7    43.2    46.9   156.7
1964    8.0    7.9   10.4   14.4   12.2   12.2   10.2   11.9   11.0   11.3   12.2   16.0    23.3    37.0    34.2    34.5   137.6
1965   16.2    5.8   12.1   14.7   13.5   13.1   14.3   13.3   16.0    8.0   15.5   20.4    38.0    40.3    40.7    39.5   163.0
1966   10.9   16.3   12.4   14.2   13.7   14.5   12.9   12.3   10.2   17.0   15.4   20.5    47.6    40.3    39.7    42.6   170.3
1967   14.2   13.0   14.2   10.0   20.4    7.7   11.8   13.0   15.7   21.2   13.4   15.5    47.7    44.7    32.4    50.3   170.1
1968   15.1    9.3   12.9   11.4   13.0   12.3   10.6   10.6   15.7   15.0   11.2   11.4    39.9    37.3    33.5    41.9   148.5
1969   17.1   12.9    9.5   11.2   18.2   10.2    8.8   12.1    9.1    8.7   17.2   14.8    41.4    38.8    31.0    35.0   149.7
1970   17.7   15.8   15.3   16.3    8.2    8.2   14.9   10.1   13.6   13.5   20.5   12.5    48.4    39.8    33.1    47.6   166.5
1971   16.1    9.1   12.2    6.6   10.8   12.5    8.0   13.9    7.1   11.2   14.5   10.1    37.7    29.5    34.4    32.7   132.1
1972   17.2   13.6   13.0   13.4   15.2   16.1    9.5    8.0    5.2    6.8   15.7   14.5    41.0    41.6    33.7    27.7   148.3
1973   10.9   11.3    7.5   11.7   14.7    7.9   11.4   10.6   11.5   10.5   12.2   15.4    36.7    34.0    29.9    34.2   135.8
1974   19.5   15.1   10.1    2.9   10.5   10.7   14.1   13.9   19.6   16.2   18.6   18.2    50.1    23.5    38.8    54.4   169.5
1975   20.8    7.1   13.0   15.7    6.9    6.0   12.1    9.2   15.7    7.9   13.9    9.8    46.1    35.6    27.3    37.4   138.0
1976   14.2    9.9   10.9    6.5   14.9    6.9    7.3    3.4   14.4   20.8   13.7   14.4    33.8    32.2    17.6    48.8   137.0
1977   15.4   17.8   16.2   15.0    9.4   11.2    7.1   11.6   10.6   13.8   17.3   14.1    47.6    40.6    29.8    41.7   159.5
1978   17.2   13.6   17.7    9.8    7.3   10.9   11.8   13.3   13.1    8.7   13.0   19.0    44.9    34.8    36.1    34.9   155.7
1979   14.9    8.7   18.9   15.0   17.1    9.5    9.2   14.2   10.5   14.3   17.2   18.2    42.7    51.0    32.9    42.0   167.7
1980   12.6   14.3   16.4    4.5    5.6   17.0   12.9   13.1   14.8   17.1   15.1   17.3    45.1    26.4    43.0    47.0   160.7
1981   15.7    9.3   19.5    7.3   16.6   10.7   11.5    6.6   16.0   19.2   14.9   12.9    42.2    43.5    28.8    50.2   160.3
1982   13.7   11.0   15.9    6.4    9.7   13.2    6.4   16.0   14.2   17.4   18.9   15.7    37.6    32.1    35.7    50.5   158.7
1983   18.0    8.7   17.1   15.5   17.8    8.4    5.8    5.9   15.6   16.6    7.5   17.1    42.5    50.5    20.1    39.7   154.2
1984   21.0   11.7   10.7    5.3    7.5    8.5    6.6    8.0   16.7   16.9   18.0   16.9    49.8    23.5    23.1    51.7   147.9
1985   12.8    5.1   14.3   14.5   10.4   15.0   15.0   20.7   11.7    7.4   13.6   18.0    34.8    39.2    50.6    32.8   158.6
1986   19.5    4.2   16.7   14.5   17.5    7.3   11.5   13.9    5.6   15.1   18.0   20.4    41.8    48.7    32.7    38.7   164.2
1987    7.7   10.4   15.1    9.8   11.0   16.5   12.2   11.3   13.7   17.4   12.5   11.0    38.5    35.8    40.1    43.6   148.6
1988   21.1   13.7   18.5    9.1   10.8    6.2   20.6   15.0   12.1   14.5    9.1   11.6    45.8    38.4    41.9    35.6   162.4
1989   12.1   15.9   17.1   13.7    6.1    9.4    6.4   13.0    8.5   16.6    8.8   11.8    39.6    36.9    28.8    34.0   139.5
1990   20.8   19.5   10.7   11.5    6.4   14.8    7.8   11.1   11.0   15.7   12.2   14.9    52.1    28.6    33.7    38.9   156.3
1991   13.5   10.4   13.5   11.4    5.2   18.1   11.4    7.7   10.3   12.1   16.2    8.9    38.7    30.0    37.2    38.6   138.6
1992    7.4   12.8   18.7   15.1    8.9    6.5   13.0   18.2   15.9   13.0   20.2   12.0    29.1    42.7    37.7    49.0   161.6
1993   20.3    6.0    8.8   14.1   12.2   10.6   15.2   10.4   12.7   11.7    9.5   21.9    38.2    35.1    36.3    33.9   153.3
1994   20.1   12.5   19.3   14.8    8.9   10.7    9.2   11.6   14.5   13.5   14.3   18.7    54.4    43.0    31.4    42.3   168.1
1995   19.9   18.7   16.3    7.7   11.1    6.4    9.3    4.6   15.6   12.7   12.7   10.9    57.3    35.1    20.3    41.0   145.9
1996   11.3   14.2    8.2   11.5   11.3    7.7    9.8   11.5    6.4   17.8   17.7    9.5    36.4    31.0    29.0    41.9   136.9
1997    5.7   17.9   10.5    6.3   12.7   15.4   11.5   11.7    8.8   10.0   17.4   16.5    33.2    29.5    38.6    36.1   144.4
1998   15.7    9.8   13.5   19.1    7.6   17.2   14.1   10.8   12.7   19.3   16.1   18.0    41.9    40.3    42.0    48.2   173.9
1999   19.5   13.7   13.8   13.7   11.7   13.5    7.7   12.4   16.1   12.7   12.8   21.5    51.2    39.3    33.5    41.6   169.1
2000   12.0   18.9    9.8   16.9   12.7   10.2    9.4   13.7   15.9   20.7   21.0   17.3    52.4    39.4    33.3    57.6   178.5
2001   11.7   13.4   14.1   15.8    7.4    9.5   11.6   14.7   13.6   19.0   14.4   11.1    42.4    37.4    35.8    47.0   156.4
2002   16.2   19.6   11.8   10.4   15.9   14.2   14.4   10.3    5.3   16.4   20.3   14.9    46.9    38.1    38.9    42.0   169.7
2003   15.6    7.7    7.7    8.3   16.8   11.4   12.5    5.0    9.1   10.7   15.6   14.2    38.2    32.7    28.8    35.4   134.5
2004   19.9   10.5   12.4   14.9    9.0   12.9   12.4   16.7   13.3   18.8   13.0   13.4    44.6    36.2    42.0    45.1   167.2
2005   14.9   11.9   11.5   13.7   12.7   10.7    8.8   12.0   12.7   15.2   13.8   11.6    40.2    37.9    31.6    41.8   149.6
2006    8.7   10.2   16.1   12.1   16.5    6.5    8.3   14.4   12.9   17.4   17.2   16.3    30.5    44.7    29.3    47.4   156.6
2007   18.8   16.4   11.6    4.0   15.5   15.0   18.0   11.3   10.0    8.1   14.1   13.6    51.5    31.1    44.2    32.1   156.2
2008   20.5    9.8   18.3   15.2    7.1   11.8   13.7   18.3   13.1   16.5   15.3   11.3    43.8    40.6    43.8    44.9   170.8
2009   15.0   10.4   12.0   10.4   13.6    9.1   19.4   15.1    7.4   14.1   22.1   17.2    36.7    35.9    43.6    43.7   165.7
2010   13.8   13.9   11.6    8.5    8.7    6.7   14.0   14.2   13.7   13.1   16.5    9.6    44.9    28.8    34.9    43.4   144.4
2011   13.1   16.0    7.6    5.3   14.2   13.8   10.7   14.4   14.7   15.8   12.0   20.9    38.7    27.0    38.9    42.5   158.4
2012   14.5    8.9    6.3   18.8   10.0   16.8   17.0   16.1   13.5   16.3   16.3   19.8    44.2    35.0    49.8    46.2   174.2
2013   15.7    8.6   10.5   10.3   13.2    9.2    8.5   11.2   11.0   19.2   13.9   18.8    44.1    34.1    28.9    44.1   150.2
2014   23.5   20.2   12.4   11.2   15.5    9.5   10.5   17.1    4.8   18.2   16.3   15.6    62.5    39.0    37.1    39.2   174.6
2015   18.7   11.1   12.8    8.7   15.5    9.2   16.2   14.5    8.5   10.1   20.7   22.2    45.3    36.9    39.8    39.3   168.0
2016   20.7   13.8   12.0   15.2    9.4   14.8   13.1   11.4   13.5    8.3   12.8   11.1    56.6    36.6    39.3    34.6   156.1
2017   12.3   13.9   14.5    7.2    9.8   13.0   14.9   14.8   18.0   13.8   15.4   17.0    37.3    31.6    42.7    47.2   164.7
2018   18.4   12.6   16.7   13.6    7.7    4.9    7.8   13.4   12.7   11.9   14.7   15.9    48.0    38.0    26.1    39.3   150.3
2019   11.0   10.3   16.1    7.8   10.8   14.5   10.9   15.6   15.4   17.3   17.3   17.6    37.3    34.7    41.0    50.0   164.6
2020   15.0   21.4   11.9    5.9    5.4   15.4   14.5   13.7   10.1   21.1   15.0   20.7    53.9    23.1    43.5    46.1   169.9
2021   17.4   13.7   11.2    5.1   16.9    6.9   10.7   10.0   10.8   17.1   11.8   17.1    51.8    33.1    27.7    39.6   148.6
2022   10.8   18.1    8.5    7.8   14.4   10.4    7.5    8.0   13.2   19.2   18.6   15.4    46.0    30.7    25.9    51.0   152.0
2023   16.4    7.3   20.2   12.2    7.4    8.4   17.9   14.5   13.4   16.9   16.4   21.1    39.2    39.8    40.8    46.8   172.2
2024   12.5   17.4   17.8   16.0   11.4   10.1   12.4   13.5                                51.0    45.2    36.0                
